$ANSIBLE_VAULT;1.1;AES256
34663065306632666162353539363635666666653431636164316639303935613066643837303234
3330306265323566313134623831613361336262666562340a383330396362383333383462336363
37616534393332313163633063303436653862343431633834396538363739373435396338323162
3230356333323765300a346436343931636134656237613633646662663637333635356563373565
31343938333731316439353938646536333531313439643233393932303134383763376464336434
63656634316561656337633566643430643634663333356231376534636138396533326462303836
30336561623364643936336662616431383062636438366136313466396639633332383062313830
34393836666638316233353563653265303264636333643139393563386362363031373362353435
63373962343664373834333237333331393833646236386139633837303461626266383037303032
33303230303864306639363936616635333436383431666435343931306531313461363664366632
63363562326665646438636364303465303161633234333863653162643739653566626430386430
32383266626237623739376233633434636362646630376139353364333835623532363164636565
33633134636239333132353135623266393838653139656332383562653030346634306666363664
3038366163306633326466393537353966656265386238363338
